.Random.seed <-
c(403L, 10L, -1469174670L, 339848900L, 607619207L, -911192995L, 
1559843412L, 1557530746L, 1190595525L, 398875935L, -1171370842L, 
-1252524496L, -424524589L, -994039055L, 765434400L, 1269308606L, 
969001161L, 1560541819L, -1904684982L, -412811092L, 330299311L, 
1923187557L, -1217709796L, 238272882L, -435109395L, -1729173977L, 
1820689998L, -129848664L, -688953173L, 1305006537L, 476200408L, 
1821600902L, 309023073L, -704957197L, -1978672286L, -1005775404L, 
-761126697L, 793449165L, 1302426212L, 1604372554L, 278838709L, 
-1872183025L, 1590238742L, 588282048L, 1193938563L, -1621661023L, 
2031811728L, -862202002L, -2127908583L, 948638123L, -1222447206L, 
-1682137252L, 1226501727L, 520396341L, -1792172596L, 1124793634L, 
446359421L, -160973705L, 968352158L, 506222680L, -592599621L, 
-663975079L, -1333782296L, -399001322L, -449328495L, -1279875261L, 
1203204690L, 1840747748L, -2116657369L, -105620611L, 363175540L, 
489021530L, 115865765L, -1073845569L, 1776947526L, 196315088L, 
-1811533325L, -2113970927L, 2115279168L, -1764923106L, 330960361L, 
-998342885L, 1432676650L, 692314700L, 1071570447L, -1730825915L, 
-14288132L, -568848046L, 274757325L, 1339027079L, -1699178130L, 
1528468296L, -961673397L, 947228329L, -403147784L, -2105840858L, 
-2023752639L, 299142611L, -1010114686L, -582560844L, 1927785271L, 
1851812397L, 95865668L, 1687019626L, -1446577451L, 1776821359L, 
73751926L, 762267296L, 918176611L, 1887922177L, -665791632L, 
-1528456434L, 593352057L, -151064309L, -32329158L, 1359112508L, 
-1499371905L, 395374037L, 1264460780L, 387331394L, 845408925L, 
64734999L, 399877758L, -130415048L, 725778715L, 378627705L, 1665032904L, 
-855428362L, 13957937L, 2011024227L, -1269948110L, 691511940L, 
-1341813049L, 302716317L, -458505964L, -861622342L, -1668339195L, 
1552653279L, -2088955290L, -573829648L, 243718931L, 876274865L, 
-1544816800L, -1220225794L, -1985809271L, 1425224635L, -925360758L, 
-1316881300L, 1286510063L, 1245883941L, 817752796L, 590002L, 
-1693527123L, 27248487L, 879948942L, 2100621672L, -710053525L, 
1235845897L, 1524364696L, -536148794L, 916995617L, 1885986483L, 
-1723775966L, 945192468L, 1731048087L, -149525363L, -626417244L, 
-271135862L, -1146525707L, -1207523761L, 826073430L, 1550461952L, 
435021123L, -559494943L, 1713775184L, -481198418L, 1103800921L, 
1424798315L, 932681690L, -356771684L, 2058394271L, -818251531L, 
1710072204L, 221629538L, -1153590211L, -1170346313L, -912765602L, 
401167512L, -1937637381L, -481811047L, 1070265896L, -909316394L, 
271076177L, -369766909L, 1378103698L, -2064650460L, 318538215L, 
-396726723L, 533903540L, -34894054L, 1068016741L, 1569303807L, 
1616616838L, -640888048L, -949033037L, -1194161071L, 1209593856L, 
2117968094L, -133375191L, 174089947L, -1709582870L, -1908261492L, 
71348943L, -1532399995L, 575130940L, -1437659118L, 243670797L, 
-371696569L, -1397084626L, 1400387464L, -632716661L, -1323944855L, 
670201912L, 2135797990L, -229697407L, -122912749L, 658900930L, 
-1688035212L, -499001737L, 881715056L, 989348132L, -1228124616L, 
-1393984102L, -464841264L, 1685402044L, -2120881516L, 84956802L, 
482195904L, -489865412L, 1014810256L, -1943743710L, -1924534776L, 
1744033548L, -632987748L, 2060175378L, 792253312L, -788398316L, 
-449685208L, 971884602L, 422094800L, 145597036L, 98800692L, -206513006L, 
-878181024L, -484576948L, 286061024L, 281642914L, -1534447704L, 
1195891852L, -1658283076L, -60923790L, 3625968L, -859074492L, 
1794888792L, 1033328698L, -1048293264L, 1193191996L, -730014956L, 
-1474793790L, -583622944L, 916280444L, -2077433648L, -376687710L, 
-902028760L, -1649738484L, 1975905212L, 210922802L, 1853871296L, 
-207577548L, -1678428472L, 1877356218L, 1428719760L, 1708280556L, 
-683871660L, -497461614L, -1282675936L, 1463675852L, 1501185248L, 
-1626338622L, 996868136L, -1077869652L, 1324843708L, -349139470L, 
-1057755600L, 1672832932L, 1227482552L, -1054038182L, -539244400L, 
1527186300L, -848192748L, -224132798L, -1006374144L, 394917820L, 
266535760L, -1414460126L, -1914182072L, -741898228L, -226191268L, 
-321740334L, -1259617792L, 1782266196L, -1557543704L, -347267846L, 
1509531344L, -550865620L, -509994764L, 1903910290L, 1431327072L, 
732852236L, 202295008L, 1164954210L, 916629160L, -53971380L, 
1963041660L, 528192818L, 1704539760L, -442635452L, -913321000L, 
398143354L, -523466192L, 191978428L, 1309409876L, 1316447298L, 
-845660000L, 1457638076L, -705860144L, 1217312610L, 2130348776L, 
-2140048180L, -1318601220L, -1812944398L, 1491134080L, 1290135028L, 
2129670792L, 506113850L, -802541744L, 415325292L, -1569729132L, 
1070162L, -1122403872L, -1525748532L, -1945585504L, 1396177282L, 
-423753496L, -357111060L, -1184033476L, 963761266L, 1899965552L, 
1351414820L, 2080849976L, 1306800922L, 1616823504L, -1747762372L, 
1192669076L, 1069594498L, 1520803264L, -457608644L, -303113840L, 
786489890L, 1671232776L, -717258100L, 1714439964L, 440064146L, 
303810944L, -212473324L, -892062936L, 1171381818L, -1940651568L, 
1660601708L, 1712970676L, 1125141522L, -1895376416L, 843660236L, 
420239584L, 121901090L, -1808773848L, -1868435956L, -30094532L, 
291562482L, 696954608L, 257503812L, -732615080L, -315165894L, 
810689008L, -1944666436L, 2129022228L, -1704159550L, -868657056L, 
229730172L, -100013104L, -1389621982L, -390015320L, -465867892L, 
-253379396L, 92743474L, -1853212096L, -1726586700L, -1669567928L, 
-934654534L, -1606704624L, 763803372L, 632649044L, -634292974L, 
2033580448L, 1771230924L, 1162931808L, -806143038L, -1770083544L, 
-2064467028L, -744792260L, -1113080462L, -1569149136L, -1985153756L, 
-1426463944L, -706617638L, -285906032L, -2014717188L, -1904122988L, 
276947010L, -786751232L, -278447044L, 798594384L, -1338339166L, 
-1722104504L, 204507916L, 1251191516L, 1411330386L, 971335808L, 
-1449882540L, -1568381976L, -46793478L, -1289765040L, -1358063828L, 
-1980965516L, -292118638L, 1751858272L, 73541004L, 663720800L, 
-1446152734L, -1249360984L, 944875724L, 497341436L, -2051063374L, 
-1794732560L, -1784668220L, 1310067032L, 1921105255L, -243351920L, 
-1817853778L, 1438318939L, -176515779L, -1268725846L, -1907982264L, 
-1886562191L, 1526969827L, 506851556L, 728521746L, 1066022887L, 
-522657871L, -260091402L, -696148972L, -658177243L, 2069648431L, 
1058719208L, -939609402L, -1830323341L, 810197973L, -1340904526L, 
967241088L, 1849488745L, -1196295717L, 1078632748L, 754762554L, 
-150536721L, -1856829319L, -738979058L, -556620068L, 79156557L, 
1416218807L, 757649984L, 702139166L, -105877013L, -478831251L, 
-1908497446L, -1354668648L, 1622830081L, -538047053L, -1247161132L, 
-989036062L, 1569447031L, -1240399423L, 1514396486L, 807749252L, 
-1619767243L, 40615967L, 1286285176L, -91513258L, -1619684637L, 
1752880293L, -653427390L, -774550736L, 463892313L, -221731637L, 
-1277840068L, 1042080106L, 792472479L, 1682286121L, 436226238L, 
631378348L, 1832300285L, -284321209L, -174483152L, 259121742L, 
1291831931L, -477169187L, -687222774L, -2119732952L, 932589457L, 
-1224719997L, -234299772L, 1594588338L, 1782012935L, -2143762351L, 
367466454L, -1642924364L, 853182149L, -1910704113L, -859256696L, 
-592807514L, 942416211L, 1506955957L, 788138002L, -1536636448L, 
-2125423543L, 2054384251L, -1225297076L, 1126545114L, -690836785L, 
1761778329L, 391083694L, 205611964L, -1525203923L, 598660055L, 
193346080L, -1313301634L, -1792539317L, -39114931L, -1356092038L, 
8843192L, -1237428895L, -1164760813L, -572669644L, -386294974L, 
-1587094697L, 1388960417L, 1225407334L, -1590315676L, 239108245L, 
431559103L, -936024744L, 1878530934L, -1333028477L, -456098875L, 
-1231052574L, -601680560L, -1826835335L, -1281570901L, 369650972L, 
-1696454070L, -603402689L, -2063080823L, 76990110L, -1588931764L, 
-1020988643L, 459915943L, -1995347504L, 1273799022L, -146387941L, 
1818985853L, 846435178L, 1196647944L, -1435280719L, 1226712355L, 
1932023332L, -4252462L, -1607918297L, 1160345457L, 1305884086L, 
